4.463344 -29.630651 -1.450228
3.796747 -29.630651 -2.758498
2.758498 -29.630651 -3.796747
1.450228 -29.630651 -4.463343
0.000000 -29.630651 -4.693037
-1.450228 -29.630651 -4.463343
-2.758497 -29.630651 -3.796746
-3.796746 -29.630651 -2.758497
-4.463342 -29.630651 -1.450228
-4.693035 -29.630651 0.000000
-4.463342 -29.630651 1.450228
-3.796745 -29.630651 2.758497
-2.758497 -29.630651 3.796745
-1.450228 -29.630651 4.463341
-0.000000 -29.630651 4.693035
1.450227 -29.630651 4.463341
2.758496 -29.630651 3.796745
3.796744 -29.630651 2.758497
4.463341 -29.630651 1.450227
4.693034 -29.630651 0.000000
8.816785 -28.531696 -2.864747
7.500005 -28.531696 -5.449072
5.449072 -28.531696 -7.500004
2.864747 -28.531696 -8.816783
0.000000 -28.531696 -9.270514
-2.864747 -28.531696 -8.816783
-5.449071 -28.531696 -7.500003
-7.500002 -28.531696 -5.449070
-8.816781 -28.531696 -2.864746
-9.270512 -28.531696 0.000000
-8.816781 -28.531696 2.864746
-7.500001 -28.531696 5.449070
-5.449070 -28.531696 7.500001
-2.864746 -28.531696 8.816780
-0.000000 -28.531696 9.270511
2.864745 -28.531696 8.816779
5.449069 -28.531696 7.500000
7.500000 -28.531696 5.449069
8.816779 -28.531696 2.864745
9.270510 -28.531696 0.000000
12.953128 -26.730196 -4.208726
11.018589 -26.730196 -8.005473
8.005473 -26.730196 -11.018588
4.208726 -26.730196 -12.953126
0.000000 -26.730196 -13.619722
-4.208726 -26.730196 -12.953125
-8.005471 -26.730196 -11.018585
-11.018585 -26.730196 -8.005470
-12.953123 -26.730196 -4.208724
-13.619719 -26.730196 0.000000
-12.953123 -26.730196 4.208724
-11.018584 -26.730196 8.005469
-8.005469 -26.730196 11.018583
-4.208724 -26.730196 12.953121
-0.000000 -26.730196 13.619718
4.208724 -26.730196 12.953120
8.005468 -26.730196 11.018582
11.018581 -26.730196 8.005468
12.953119 -26.730196 4.208724
13.619716 -26.730196 0.000000
16.770519 -24.270510 -5.449072
14.265857 -24.270510 -10.364751
10.364751 -24.270510 -14.265856
5.449071 -24.270510 -16.770517
0.000000 -24.270510 -17.633564
-5.449071 -24.270510 -16.770517
-10.364748 -24.270510 -14.265852
-14.265851 -24.270510 -10.364747
-16.770514 -24.270510 -5.449070
-17.633560 -24.270510 0.000000
-16.770514 -24.270510 5.449070
-14.265850 -24.270510 10.364746
-10.364746 -24.270510 14.265849
-5.449070 -24.270510 16.770512
-0.000001 -24.270510 17.633558
5.449068 -24.270510 16.770510
10.364744 -24.270510 14.265848
14.265847 -24.270510 10.364745
16.770510 -24.270510 5.449069
17.633556 -24.270510 0.000000
20.174969 -21.213203 -6.555244
17.161854 -21.213203 -12.468816
12.468816 -21.213203 -17.161852
6.555243 -21.213203 -20.174967
0.000000 -21.213203 -21.213213
-6.555243 -21.213203 -20.174965
-12.468813 -21.213203 -17.161848
-17.161848 -21.213203 -12.468812
-20.174961 -21.213203 -6.555242
-21.213209 -21.213203 0.000000
-20.174961 -21.213203 6.555242
-17.161846 -21.213203 12.468810
-12.468810 -21.213203 17.161844
-6.555242 -21.213203 20.174959
-0.000001 -21.213203 21.213205
6.555240 -21.213203 20.174957
12.468808 -21.213203 17.161844
17.161842 -21.213203 12.468809
20.174955 -21.213203 6.555241
21.213203 -21.213203 0.000000
23.082642 -17.633556 -7.500004
19.635267 -17.633556 -14.265856
14.265856 -17.633556 -19.635267
7.500004 -17.633556 -23.082638
0.000000 -17.633556 -24.270521
-7.500004 -17.633556 -23.082638
-14.265853 -17.633556 -19.635262
-19.635262 -17.633556 -14.265852
-23.082632 -17.633556 -7.500001
-24.270515 -17.633556 0.000000
-23.082632 -17.633556 7.500001
-19.635260 -17.633556 14.265850
-14.265850 -17.633556 19.635258
-7.500001 -17.633556 23.082630
-0.000001 -17.633556 24.270514
7.500000 -17.633556 23.082628
14.265847 -17.633556 19.635256
19.635256 -17.633556 14.265849
23.082626 -17.633556 7.500000
24.270510 -17.633556 0.000000
25.421944 -13.619716 -8.260090
21.625196 -13.619716 -15.711624
15.711624 -13.619716 -21.625196
8.260089 -13.619716 -25.421940
0.000000 -13.619716 -26.730209
-8.260089 -13.619716 -25.421938
-15.711621 -13.619716 -21.625191
-21.625189 -13.619716 -15.711619
-25.421934 -13.619716 -8.260087
-26.730202 -13.619716 0.000000
-25.421934 -13.619716 8.260087
-21.625187 -13.619716 15.711618
-15.711618 -13.619716 21.625187
-8.260087 -13.619716 25.421930
-0.000001 -13.619716 26.730200
8.260084 -13.619716 25.421928
15.711615 -13.619716 21.625185
21.625183 -13.619716 15.711617
25.421928 -13.619716 8.260085
26.730196 -13.619716 0.000000
27.135273 -9.270509 -8.816784
23.082644 -9.270509 -16.770521
16.770521 -9.270509 -23.082642
8.816784 -9.270509 -27.135269
0.000000 -9.270509 -28.531710
-8.816784 -9.270509 -27.135269
-16.770517 -9.270509 -23.082636
-23.082634 -9.270509 -16.770515
-27.135263 -9.270509 -8.816781
-28.531704 -9.270509 0.000000
-27.135263 -9.270509 8.816781
-23.082632 -9.270509 16.770514
-16.770514 -9.270509 23.082630
-8.816781 -9.270509 27.135260
-0.000001 -9.270509 28.531700
8.816778 -9.270509 27.135258
16.770510 -9.270509 23.082628
23.082628 -9.270509 16.770512
27.135256 -9.270509 8.816779
28.531696 -9.270509 0.000000
28.180443 -4.693031 -9.156381
23.971716 -4.693031 -17.416470
17.416470 -4.693031 -23.971714
9.156380 -4.693031 -28.180439
0.000000 -4.693031 -29.630665
-9.156380 -4.693031 -28.180437
-17.416468 -4.693031 -23.971710
-23.971708 -4.693031 -17.416466
-28.180431 -4.693031 -9.156377
-29.630659 -4.693031 0.000000
-28.180431 -4.693031 9.156377
-23.971706 -4.693031 17.416464
-17.416464 -4.693031 23.971704
-9.156377 -4.693031 28.180428
-0.000001 -4.693031 29.630655
9.156374 -4.693031 28.180428
17.416460 -4.693031 23.971703
23.971701 -4.693031 17.416462
28.180426 -4.693031 9.156375
29.630651 -4.693031 0.000000
28.531713 0.000000 -9.270515
24.270527 0.000000 -17.633568
17.633568 0.000000 -24.270525
9.270514 0.000000 -28.531710
0.000000 0.000000 -30.000015
-9.270514 0.000000 -28.531708
-17.633564 0.000000 -24.270519
-24.270517 0.000000 -17.633562
-28.531704 0.000000 -9.270512
-30.000008 0.000000 0.000000
-28.531704 0.000000 9.270512
-24.270515 0.000000 17.633560
-17.633560 0.000000 24.270514
-9.270512 0.000000 28.531700
-0.000001 0.000000 30.000004
9.270509 0.000000 28.531698
17.633556 0.000000 24.270512
24.270510 0.000000 17.633558
28.531696 0.000000 9.270510
30.000000 0.000000 0.000000
28.180443 4.693031 -9.156381
23.971716 4.693031 -17.416470
17.416470 4.693031 -23.971714
9.156380 4.693031 -28.180439
0.000000 4.693031 -29.630665
-9.156380 4.693031 -28.180437
-17.416468 4.693031 -23.971710
-23.971708 4.693031 -17.416466
-28.180431 4.693031 -9.156377
-29.630659 4.693031 0.000000
-28.180431 4.693031 9.156377
-23.971706 4.693031 17.416464
-17.416464 4.693031 23.971704
-9.156377 4.693031 28.180428
-0.000001 4.693031 29.630655
9.156374 4.693031 28.180428
17.416460 4.693031 23.971703
23.971701 4.693031 17.416462
28.180426 4.693031 9.156375
29.630651 4.693031 0.000000
27.135273 9.270509 -8.816784
23.082644 9.270509 -16.770521
16.770521 9.270509 -23.082642
8.816784 9.270509 -27.135269
0.000000 9.270509 -28.531710
-8.816784 9.270509 -27.135269
-16.770517 9.270509 -23.082636
-23.082634 9.270509 -16.770515
-27.135263 9.270509 -8.816781
-28.531704 9.270509 0.000000
-27.135263 9.270509 8.816781
-23.082632 9.270509 16.770514
-16.770514 9.270509 23.082630
-8.816781 9.270509 27.135260
-0.000001 9.270509 28.531700
8.816778 9.270509 27.135258
16.770510 9.270509 23.082628
23.082628 9.270509 16.770512
27.135256 9.270509 8.816779
28.531696 9.270509 0.000000
25.421944 13.619716 -8.260090
21.625196 13.619716 -15.711624
15.711624 13.619716 -21.625196
8.260089 13.619716 -25.421940
0.000000 13.619716 -26.730209
-8.260089 13.619716 -25.421938
-15.711621 13.619716 -21.625191
-21.625189 13.619716 -15.711619
-25.421934 13.619716 -8.260087
-26.730202 13.619716 0.000000
-25.421934 13.619716 8.260087
-21.625187 13.619716 15.711618
-15.711618 13.619716 21.625187
-8.260087 13.619716 25.421930
-0.000001 13.619716 26.730200
8.260084 13.619716 25.421928
15.711615 13.619716 21.625185
21.625183 13.619716 15.711617
25.421928 13.619716 8.260085
26.730196 13.619716 0.000000
23.082642 17.633556 -7.500004
19.635267 17.633556 -14.265856
14.265856 17.633556 -19.635267
7.500004 17.633556 -23.082638
0.000000 17.633556 -24.270521
-7.500004 17.633556 -23.082638
-14.265853 17.633556 -19.635262
-19.635262 17.633556 -14.265852
-23.082632 17.633556 -7.500001
-24.270515 17.633556 0.000000
-23.082632 17.633556 7.500001
-19.635260 17.633556 14.265850
-14.265850 17.633556 19.635258
-7.500001 17.633556 23.082630
-0.000001 17.633556 24.270514
7.500000 17.633556 23.082628
14.265847 17.633556 19.635256
19.635256 17.633556 14.265849
23.082626 17.633556 7.500000
24.270510 17.633556 0.000000
20.174969 21.213203 -6.555244
17.161854 21.213203 -12.468816
12.468816 21.213203 -17.161852
6.555243 21.213203 -20.174967
0.000000 21.213203 -21.213213
-6.555243 21.213203 -20.174965
-12.468813 21.213203 -17.161848
-17.161848 21.213203 -12.468812
-20.174961 21.213203 -6.555242
-21.213209 21.213203 0.000000
-20.174961 21.213203 6.555242
-17.161846 21.213203 12.468810
-12.468810 21.213203 17.161844
-6.555242 21.213203 20.174959
-0.000001 21.213203 21.213205
6.555240 21.213203 20.174957
12.468808 21.213203 17.161844
17.161842 21.213203 12.468809
20.174955 21.213203 6.555241
21.213203 21.213203 0.000000
16.770519 24.270510 -5.449072
14.265857 24.270510 -10.364751
10.364751 24.270510 -14.265856
5.449071 24.270510 -16.770517
0.000000 24.270510 -17.633564
-5.449071 24.270510 -16.770517
-10.364748 24.270510 -14.265852
-14.265851 24.270510 -10.364747
-16.770514 24.270510 -5.449070
-17.633560 24.270510 0.000000
-16.770514 24.270510 5.449070
-14.265850 24.270510 10.364746
-10.364746 24.270510 14.265849
-5.449070 24.270510 16.770512
-0.000001 24.270510 17.633558
5.449068 24.270510 16.770510
10.364744 24.270510 14.265848
14.265847 24.270510 10.364745
16.770510 24.270510 5.449069
17.633556 24.270510 0.000000
12.953128 26.730196 -4.208726
11.018589 26.730196 -8.005473
8.005473 26.730196 -11.018588
4.208726 26.730196 -12.953126
0.000000 26.730196 -13.619722
-4.208726 26.730196 -12.953125
-8.005471 26.730196 -11.018585
-11.018585 26.730196 -8.005470
-12.953123 26.730196 -4.208724
-13.619719 26.730196 0.000000
-12.953123 26.730196 4.208724
-11.018584 26.730196 8.005469
-8.005469 26.730196 11.018583
-4.208724 26.730196 12.953121
-0.000000 26.730196 13.619718
4.208724 26.730196 12.953120
8.005468 26.730196 11.018582
11.018581 26.730196 8.005468
12.953119 26.730196 4.208724
13.619716 26.730196 0.000000
8.816785 28.531696 -2.864747
7.500005 28.531696 -5.449072
5.449072 28.531696 -7.500004
2.864747 28.531696 -8.816783
0.000000 28.531696 -9.270514
-2.864747 28.531696 -8.816783
-5.449071 28.531696 -7.500003
-7.500002 28.531696 -5.449070
-8.816781 28.531696 -2.864746
-9.270512 28.531696 0.000000
-8.816781 28.531696 2.864746
-7.500001 28.531696 5.449070
-5.449070 28.531696 7.500001
-2.864746 28.531696 8.816780
-0.000000 28.531696 9.270511
2.864745 28.531696 8.816779
5.449069 28.531696 7.500000
7.500000 28.531696 5.449069
8.816779 28.531696 2.864745
9.270510 28.531696 0.000000
4.463344 29.630651 -1.450228
3.796747 29.630651 -2.758498
2.758498 29.630651 -3.796747
1.450228 29.630651 -4.463343
0.000000 29.630651 -4.693037
-1.450228 29.630651 -4.463343
-2.758497 29.630651 -3.796746
-3.796746 29.630651 -2.758497
-4.463342 29.630651 -1.450228
-4.693035 29.630651 0.000000
-4.463342 29.630651 1.450228
-3.796745 29.630651 2.758497
-2.758497 29.630651 3.796745
-1.450228 29.630651 4.463341
-0.000000 29.630651 4.693035
1.450227 29.630651 4.463341
2.758496 29.630651 3.796745
3.796744 29.630651 2.758497
4.463341 29.630651 1.450227
4.693034 29.630651 0.000000
0.000000 -30.000000 0.000000
0.000000 30.000000 0.000000