0.162626 -0.985442 -0.049557
0.139353 -0.985442 -0.097386
0.307374 -0.946801 -0.095332
0.262871 -0.946801 -0.185651
0.102439 -0.985442 -0.135682
0.192636 -0.946801 -0.257796
0.055497 -0.985442 -0.160697
0.103544 -0.946802 -0.304705
0.003123 -0.985442 -0.169981
0.004317 -0.946802 -0.321789
-0.049557 -0.985442 -0.162627
-0.095333 -0.946801 -0.307374
-0.097386 -0.985442 -0.139353
-0.185651 -0.946801 -0.262870
-0.135682 -0.985443 -0.102438
-0.257796 -0.946801 -0.192636
-0.160696 -0.985442 -0.055497
-0.304706 -0.946801 -0.103544
-0.169981 -0.985442 -0.003123
-0.321790 -0.946801 -0.004317
-0.162626 -0.985442 0.049558
-0.307374 -0.946801 0.095333
-0.139353 -0.985442 0.097386
-0.262871 -0.946801 0.185650
-0.102439 -0.985442 0.135682
-0.192636 -0.946801 0.257796
-0.055497 -0.985442 0.160697
-0.103544 -0.946801 0.304706
-0.003123 -0.985442 0.169981
-0.004317 -0.946801 0.321790
0.049557 -0.985442 0.162627
0.095333 -0.946801 0.307374
0.097386 -0.985442 0.139354
0.185651 -0.946802 0.262870
0.135682 -0.985442 0.102440
0.257796 -0.946801 0.192636
0.160696 -0.985442 0.055498
0.304706 -0.946801 0.103544
0.169981 -0.985442 0.003124
0.321790 -0.946801 0.004318
0.443773 -0.885332 -0.138753
0.379176 -0.885332 -0.269096
0.277462 -0.885332 -0.373097
0.148589 -0.885332 -0.440577
0.005170 -0.885332 -0.464930
-0.138754 -0.885332 -0.443773
-0.269096 -0.885332 -0.379176
-0.373097 -0.885332 -0.277462
-0.440577 -0.885332 -0.148589
-0.464930 -0.885332 -0.005170
-0.443773 -0.885332 0.138754
-0.379176 -0.885332 0.269096
-0.277462 -0.885332 0.373097
-0.148589 -0.885332 0.440577
-0.005170 -0.885332 0.464931
0.138754 -0.885332 0.443773
0.269096 -0.885332 0.379176
0.373097 -0.885332 0.277462
0.440577 -0.885332 0.148589
0.464930 -0.885332 0.005171
0.569006 -0.802583 -0.179146
0.485797 -0.802583 -0.346211
0.355036 -0.802583 -0.479386
0.189521 -0.802583 -0.565635
0.005454 -0.802583 -0.596516
-0.179146 -0.802583 -0.569006
-0.346211 -0.802583 -0.485797
-0.479386 -0.802583 -0.355036
-0.565635 -0.802583 -0.189521
-0.596516 -0.802583 -0.005454
-0.569006 -0.802583 0.179146
-0.485797 -0.802583 0.346211
-0.355036 -0.802583 0.479386
-0.189521 -0.802583 0.565635
-0.005454 -0.802582 0.596516
0.179146 -0.802583 0.569006
0.346211 -0.802583 0.485797
0.479386 -0.802583 0.355036
0.565635 -0.802583 0.189521
0.596516 -0.802583 0.005455
0.680269 -0.700559 -0.215525
0.580373 -0.700559 -0.415192
0.423666 -0.700559 -0.574217
0.225488 -0.700559 -0.677032
0.005237 -0.700559 -0.713576
-0.215526 -0.700559 -0.680269
-0.415193 -0.700559 -0.580373
-0.574217 -0.700559 -0.423666
-0.677033 -0.700559 -0.225488
-0.713576 -0.700558 -0.005237
-0.680269 -0.700558 0.215526
-0.580373 -0.700559 0.415193
-0.423666 -0.700559 0.574217
-0.225488 -0.700558 0.677033
-0.005237 -0.700558 0.713576
0.215526 -0.700559 0.680269
0.415193 -0.700559 0.580373
0.574217 -0.700558 0.423666
0.677033 -0.700558 0.225488
0.713576 -0.700558 0.005238
0.774995 -0.581722 -0.246947
0.660752 -0.581722 -0.474347
0.481831 -0.581722 -0.655315
0.255745 -0.581722 -0.772136
0.004625 -0.581722 -0.813374
-0.246948 -0.581722 -0.774994
-0.474348 -0.581722 -0.660752
-0.655315 -0.581722 -0.481831
-0.772136 -0.581722 -0.255745
-0.813375 -0.581722 -0.004625
-0.774994 -0.581722 0.246948
-0.660752 -0.581722 0.474348
-0.481831 -0.581722 0.655315
-0.255745 -0.581722 0.772136
-0.004625 -0.581722 0.813375
0.246948 -0.581722 0.774994
0.474348 -0.581722 0.660753
0.655315 -0.581722 0.481832
0.772136 -0.581722 0.255745
0.813375 -0.581722 0.004626
0.850971 -0.448937 -0.272589
0.725086 -0.448937 -0.522213
0.528225 -0.448937 -0.720718
0.279657 -0.448937 -0.848674
0.003716 -0.448937 -0.893556
-0.272590 -0.448937 -0.850970
-0.522213 -0.448937 -0.725086
-0.720718 -0.448937 -0.528225
-0.848674 -0.448937 -0.279658
-0.893556 -0.448937 -0.003716
-0.850970 -0.448937 0.272590
-0.725086 -0.448937 0.522213
-0.528225 -0.448937 0.720718
-0.279658 -0.448937 0.848674
-0.003716 -0.448937 0.893556
0.272590 -0.448937 0.850970
0.522213 -0.448937 0.725086
0.720718 -0.448937 0.528225
0.848674 -0.448937 0.279658
0.893556 -0.448937 0.003716
0.906418 -0.305397 -0.291786
0.771887 -0.305397 -0.557605
0.561799 -0.305397 -0.768840
0.296718 -0.305397 -0.904815
0.002592 -0.305397 -0.952222
-0.291787 -0.305397 -0.906417
-0.557605 -0.305397 -0.771887
-0.768840 -0.305398 -0.561799
-0.904816 -0.305397 -0.296718
-0.952222 -0.305397 -0.002592
-0.906418 -0.305397 0.291787
-0.771887 -0.305397 0.557605
-0.561799 -0.305397 0.768840
-0.296718 -0.305397 0.904815
-0.002592 -0.305397 0.952222
0.291788 -0.305397 0.906417
0.557605 -0.305397 0.771887
0.768840 -0.305397 0.561799
0.904816 -0.305397 0.296718
0.952222 -0.305397 0.002593
0.940040 -0.154547 -0.304038
0.800078 -0.154548 -0.579647
0.581799 -0.154547 -0.798514
0.306569 -0.154547 -0.939218
0.001330 -0.154547 -0.987984
-0.304039 -0.154547 -0.940040
-0.579647 -0.154547 -0.800078
-0.798514 -0.154548 -0.581799
-0.939218 -0.154547 -0.306569
-0.987985 -0.154547 -0.001330
-0.940040 -0.154547 0.304039
-0.800078 -0.154547 0.579647
-0.581799 -0.154547 0.798515
-0.306569 -0.154547 0.939218
-0.001330 -0.154547 0.987985
0.304039 -0.154547 0.940040
0.579647 -0.154547 0.800078
0.798514 -0.154547 0.581799
0.939218 -0.154547 0.306569
0.987984 -0.154547 0.001331
0.951057 -0.000000 -0.309016
0.809017 -0.000000 -0.587785
0.587785 0.000000 -0.809017
0.309017 0.000000 -0.951057
-0.000000 -0.000000 -1.000000
-0.309017 0.000000 -0.951057
-0.587785 -0.000000 -0.809017
-0.809017 -0.000000 -0.587785
-0.951057 -0.000000 -0.309017
-1.000000 0.000000 0.000000
-0.951057 0.000000 0.309017
-0.809017 0.000000 0.587785
-0.587785 0.000000 0.809017
-0.309017 -0.000000 0.951057
0.000000 0.000000 1.000000
0.309017 -0.000000 0.951057
0.587785 0.000000 0.809017
0.809017 -0.000000 0.587785
0.951057 -0.000000 0.309017
1.000000 -0.000000 0.000001
0.939218 0.154548 -0.306568
0.798514 0.154547 -0.581799
0.579646 0.154548 -0.800078
0.304039 0.154547 -0.940040
-0.001330 0.154547 -0.987984
-0.306569 0.154547 -0.939218
-0.581799 0.154547 -0.798514
-0.800078 0.154547 -0.579646
-0.940040 0.154547 -0.304039
-0.987985 0.154547 0.001330
-0.939218 0.154547 0.306569
-0.798514 0.154547 0.581799
-0.579647 0.154547 0.800078
-0.304039 0.154547 0.940040
0.001330 0.154547 0.987985
0.306569 0.154547 0.939218
0.581799 0.154547 0.798514
0.800078 0.154547 0.579647
0.940040 0.154547 0.304039
0.987985 0.154547 -0.001329
0.904816 0.305398 -0.296717
0.768840 0.305397 -0.561799
0.557605 0.305397 -0.771887
0.291787 0.305397 -0.906418
-0.002592 0.305397 -0.952222
-0.296718 0.305397 -0.904815
-0.561799 0.305397 -0.768840
-0.771887 0.305397 -0.557605
-0.906418 0.305397 -0.291787
-0.952222 0.305397 0.002592
-0.904815 0.305397 0.296718
-0.768840 0.305398 0.561799
-0.557605 0.305397 0.771887
-0.291787 0.305397 0.906417
0.002592 0.305397 0.952222
0.296718 0.305397 0.904815
0.561799 0.305397 0.768840
0.771887 0.305397 0.557605
0.906417 0.305397 0.291787
0.952222 0.305397 -0.002591
0.848674 0.448937 -0.279657
0.720718 0.448937 -0.528225
0.522213 0.448937 -0.725086
0.272590 0.448937 -0.850970
-0.003716 0.448937 -0.893556
-0.279658 0.448937 -0.848674
-0.528225 0.448937 -0.720718
-0.725086 0.448937 -0.522213
-0.850970 0.448937 -0.272590
-0.893556 0.448937 0.003716
-0.848674 0.448937 0.279658
-0.720718 0.448937 0.528225
-0.522213 0.448937 0.725086
-0.272590 0.448937 0.850970
0.003716 0.448937 0.893556
0.279658 0.448937 0.848674
0.528225 0.448937 0.720718
0.725086 0.448937 0.522213
0.850970 0.448937 0.272590
0.893556 0.448937 -0.003715
0.772136 0.581722 -0.255745
0.655315 0.581722 -0.481831
0.474347 0.581722 -0.660752
0.246948 0.581722 -0.774994
-0.004625 0.581722 -0.813374
-0.255746 0.581722 -0.772136
-0.481832 0.581722 -0.655315
-0.660753 0.581722 -0.474348
-0.774994 0.581722 -0.246947
-0.813375 0.581722 0.004625
-0.772136 0.581722 0.255745
-0.655315 0.581722 0.481832
-0.474348 0.581722 0.660752
-0.246948 0.581722 0.774995
0.004625 0.581722 0.813375
0.255746 0.581722 0.772136
0.481831 0.581722 0.655315
0.660752 0.581722 0.474348
0.774995 0.581722 0.246947
0.813375 0.581722 -0.004624
0.677032 0.700559 -0.225487
0.574217 0.700559 -0.423666
0.415192 0.700559 -0.580373
0.215526 0.700559 -0.680269
-0.005237 0.700559 -0.713576
-0.225488 0.700559 -0.677032
-0.423666 0.700559 -0.574216
-0.580373 0.700559 -0.415192
-0.680269 0.700559 -0.215526
-0.713576 0.700559 0.005237
-0.677033 0.700559 0.225488
-0.574217 0.700559 0.423666
-0.415192 0.700559 0.580373
-0.215526 0.700559 0.680269
0.005237 0.700559 0.713576
0.225488 0.700558 0.677033
0.423666 0.700558 0.574217
0.580373 0.700559 0.415192
0.680269 0.700558 0.215526
0.713576 0.700558 -0.005236
0.565635 0.802583 -0.189520
0.479386 0.802583 -0.355036
0.346211 0.802583 -0.485798
0.179146 0.802583 -0.569006
-0.005454 0.802583 -0.596516
-0.189521 0.802583 -0.565635
-0.355036 0.802583 -0.479386
-0.485798 0.802583 -0.346211
-0.569006 0.802583 -0.179146
-0.596516 0.802583 0.005454
-0.565635 0.802583 0.189521
-0.479386 0.802583 0.355036
-0.346211 0.802583 0.485798
-0.179146 0.802583 0.569006
0.005454 0.802583 0.596516
0.189521 0.802583 0.565635
0.355036 0.802583 0.479386
0.485798 0.802583 0.346211
0.569006 0.802583 0.179146
0.596516 0.802583 -0.005453
0.440577 0.885332 -0.148588
0.373097 0.885332 -0.277462
0.269096 0.885332 -0.379176
0.138754 0.885332 -0.443773
-0.005170 0.885332 -0.464930
-0.148589 0.885332 -0.440577
-0.277462 0.885332 -0.373098
-0.379176 0.885332 -0.269096
-0.443773 0.885332 -0.138754
-0.464930 0.885332 0.005170
-0.440577 0.885332 0.148589
-0.373097 0.885332 0.277462
-0.269096 0.885332 0.379176
-0.138754 0.885332 0.443773
0.005171 0.885332 0.464931
0.148589 0.885332 0.440577
0.277462 0.885332 0.373098
0.379176 0.885332 0.269096
0.443773 0.885332 0.138754
0.464930 0.885332 -0.005170
0.304706 0.946801 -0.103544
0.257796 0.946801 -0.192636
0.185651 0.946802 -0.262870
0.095333 0.946801 -0.307374
-0.004317 0.946801 -0.321789
-0.103544 0.946802 -0.304706
-0.192636 0.946801 -0.257796
-0.262871 0.946801 -0.185650
-0.307374 0.946801 -0.095332
-0.321790 0.946801 0.004317
-0.304706 0.946801 0.103544
-0.257796 0.946801 0.192636
-0.185651 0.946801 0.262870
-0.095333 0.946801 0.307374
0.004317 0.946801 0.321790
0.103544 0.946801 0.304706
0.192636 0.946801 0.257796
0.262871 0.946801 0.185650
0.307374 0.946801 0.095333
0.321790 0.946801 -0.004317
0.160696 0.985443 -0.055497
0.135682 0.985442 -0.102439
0.097386 0.985443 -0.139353
0.049557 0.985442 -0.162627
-0.003123 0.985442 -0.169981
-0.055497 0.985442 -0.160697
-0.102439 0.985442 -0.135682
-0.139353 0.985442 -0.097386
-0.162626 0.985442 -0.049557
-0.169981 0.985442 0.003122
-0.160696 0.985442 0.055498
-0.135682 0.985442 0.102440
-0.097386 0.985442 0.139353
-0.049557 0.985442 0.162627
0.003123 0.985442 0.169981
0.055497 0.985443 0.160696
0.102439 0.985442 0.135682
0.139353 0.985443 0.097386
0.162626 0.985442 0.049557
0.169981 0.985442 -0.003122
0.000000 -1.000000 0.000000
0.000000 1.000000 0.000000