0.800016 0.050000
0.850016 0.050000
0.800016 0.100000
0.850016 0.100000
0.900016 0.050000
0.900016 0.100000
0.950016 0.050000
0.950016 0.100000
0.000016 0.050000
0.000016 0.100000
0.050016 0.050000
0.050016 0.100000
0.100016 0.050000
0.100016 0.100000
0.150016 0.050000
0.150016 0.100000
0.200016 0.050000
0.200016 0.100000
0.250016 0.050000
0.250016 0.100000
0.300016 0.050000
0.300016 0.100000
0.350016 0.050000
0.350016 0.100000
0.400016 0.050000
0.400016 0.100000
0.450016 0.050000
0.450016 0.100000
0.500016 0.050000
0.500016 0.100000
0.550016 0.050000
0.550016 0.100000
0.600016 0.050000
0.600016 0.100000
0.650016 0.050000
0.650016 0.100000
0.700016 0.050000
0.700016 0.100000
0.750016 0.050000
0.750016 0.100000
0.800016 0.150000
0.850016 0.150000
0.900016 0.150000
0.950016 0.150000
0.000016 0.150000
0.050016 0.150000
0.100016 0.150000
0.150016 0.150000
0.200016 0.150000
0.250016 0.150000
0.300016 0.150000
0.350016 0.150000
0.400016 0.150000
0.450016 0.150000
0.500016 0.150000
0.550016 0.150000
0.600016 0.150000
0.650016 0.150000
0.700016 0.150000
0.750016 0.150000
0.800016 0.200000
0.850016 0.200000
0.900016 0.200000
0.950016 0.200000
0.000016 0.200000
0.050016 0.200000
0.100016 0.200000
0.150016 0.200000
0.200016 0.200000
0.250016 0.200000
0.300016 0.200000
0.350016 0.200000
0.400016 0.200000
0.450016 0.200000
0.500016 0.200000
0.550016 0.200000
0.600016 0.200000
0.650016 0.200000
0.700016 0.200000
0.750016 0.200000
0.800016 0.250000
0.850016 0.250000
0.900016 0.250000
0.950016 0.250000
0.000016 0.250000
0.050016 0.250000
0.100016 0.250000
0.150016 0.250000
0.200016 0.250000
0.250016 0.250000
0.300016 0.250000
0.350016 0.250000
0.400016 0.250000
0.450016 0.250000
0.500016 0.250000
0.550016 0.250000
0.600016 0.250000
0.650016 0.250000
0.700016 0.250000
0.750016 0.250000
0.800016 0.300000
0.850016 0.300000
0.900016 0.300000
0.950016 0.300000
0.000016 0.300000
0.050016 0.300000
0.100016 0.300000
0.150016 0.300000
0.200016 0.300000
0.250016 0.300000
0.300016 0.300000
0.350016 0.300000
0.400016 0.300000
0.450016 0.300000
0.500016 0.300000
0.550016 0.300000
0.600016 0.300000
0.650016 0.300000
0.700016 0.300000
0.750016 0.300000
0.800016 0.350000
0.850016 0.350000
0.900016 0.350000
0.950016 0.350000
0.000016 0.350000
0.050016 0.350000
0.100016 0.350000
0.150016 0.350000
0.200016 0.350000
0.250016 0.350000
0.300016 0.350000
0.350016 0.350000
0.400016 0.350000
0.450016 0.350000
0.500016 0.350000
0.550016 0.350000
0.600016 0.350000
0.650016 0.350000
0.700016 0.350000
0.750016 0.350000
0.800016 0.400000
0.850016 0.400000
0.900016 0.400000
0.950016 0.400000
0.000016 0.400000
0.050016 0.400000
0.100016 0.400000
0.150016 0.400000
0.200016 0.400000
0.250016 0.400000
0.300016 0.400000
0.350016 0.400000
0.400016 0.400000
0.450016 0.400000
0.500016 0.400000
0.550016 0.400000
0.600016 0.400000
0.650016 0.400000
0.700016 0.400000
0.750016 0.400000
0.800016 0.450000
0.850016 0.450000
0.900016 0.450000
0.950016 0.450000
0.000016 0.450000
0.050016 0.450000
0.100016 0.450000
0.150016 0.450000
0.200016 0.450000
0.250016 0.450000
0.300016 0.450000
0.350016 0.450000
0.400016 0.450000
0.450016 0.450000
0.500016 0.450000
0.550016 0.450000
0.600016 0.450000
0.650016 0.450000
0.700016 0.450000
0.750016 0.450000
0.800016 0.500000
0.850016 0.500000
0.900016 0.500000
0.950016 0.500000
0.000016 0.500000
0.050016 0.500000
0.100016 0.500000
0.150016 0.500000
0.200016 0.500000
0.250016 0.500000
0.300016 0.500000
0.350016 0.500000
0.400016 0.500000
0.450016 0.500000
0.500016 0.500000
0.550016 0.500000
0.600016 0.500000
0.650016 0.500000
0.700016 0.500000
0.750016 0.500000
0.800016 0.550000
0.850016 0.550000
0.900016 0.550000
0.950016 0.550000
0.000016 0.550000
0.050016 0.550000
0.100016 0.550000
0.150016 0.550000
0.200016 0.550000
0.250016 0.550000
0.300016 0.550000
0.350016 0.550000
0.400016 0.550000
0.450016 0.550000
0.500016 0.550000
0.550016 0.550000
0.600016 0.550000
0.650016 0.550000
0.700016 0.550000
0.750016 0.550000
0.800016 0.600000
0.850016 0.600000
0.900016 0.600000
0.950016 0.600000
0.000016 0.600000
0.050016 0.600000
0.100016 0.600000
0.150016 0.600000
0.200016 0.600000
0.250016 0.600000
0.300016 0.600000
0.350016 0.600000
0.400016 0.600000
0.450016 0.600000
0.500016 0.600000
0.550016 0.600000
0.600016 0.600000
0.650016 0.600000
0.700016 0.600000
0.750016 0.600000
0.800016 0.650000
0.850016 0.650000
0.900016 0.650000
0.950016 0.650000
0.000016 0.650000
0.050016 0.650000
0.100016 0.650000
0.150016 0.650000
0.200016 0.650000
0.250016 0.650000
0.300016 0.650000
0.350016 0.650000
0.400016 0.650000
0.450016 0.650000
0.500016 0.650000
0.550016 0.650000
0.600016 0.650000
0.650016 0.650000
0.700016 0.650000
0.750016 0.650000
0.800016 0.700000
0.850016 0.700000
0.900016 0.700000
0.950016 0.700000
0.000016 0.700000
0.050016 0.700000
0.100016 0.700000
0.150016 0.700000
0.200016 0.700000
0.250016 0.700000
0.300016 0.700000
0.350016 0.700000
0.400016 0.700000
0.450016 0.700000
0.500016 0.700000
0.550016 0.700000
0.600016 0.700000
0.650016 0.700000
0.700016 0.700000
0.750016 0.700000
0.800016 0.750000
0.850016 0.750000
0.900016 0.750000
0.950016 0.750000
0.000016 0.750000
0.050016 0.750000
0.100016 0.750000
0.150016 0.750000
0.200016 0.750000
0.250016 0.750000
0.300016 0.750000
0.350016 0.750000
0.400016 0.750000
0.450016 0.750000
0.500016 0.750000
0.550016 0.750000
0.600016 0.750000
0.650016 0.750000
0.700016 0.750000
0.750016 0.750000
0.800016 0.800000
0.850016 0.800000
0.900016 0.800000
0.950016 0.800000
0.000016 0.800000
0.050016 0.800000
0.100016 0.800000
0.150016 0.800000
0.200016 0.800000
0.250016 0.800000
0.300016 0.800000
0.350016 0.800000
0.400016 0.800000
0.450016 0.800000
0.500016 0.800000
0.550016 0.800000
0.600016 0.800000
0.650016 0.800000
0.700016 0.800000
0.750016 0.800000
0.800016 0.850000
0.850016 0.850000
0.900016 0.850000
0.950016 0.850000
0.000016 0.850000
0.050016 0.850000
0.100016 0.850000
0.150016 0.850000
0.200016 0.850000
0.250016 0.850000
0.300016 0.850000
0.350016 0.850000
0.400016 0.850000
0.450016 0.850000
0.500016 0.850000
0.550016 0.850000
0.600016 0.850000
0.650016 0.850000
0.700016 0.850000
0.750016 0.850000
0.800016 0.900000
0.850016 0.900000
0.900016 0.900000
0.950016 0.900000
0.000016 0.900000
0.050016 0.900000
0.100016 0.900000
0.150016 0.900000
0.200016 0.900000
0.250016 0.900000
0.300016 0.900000
0.350016 0.900000
0.400016 0.900000
0.450016 0.900000
0.500016 0.900000
0.550016 0.900000
0.600016 0.900000
0.650016 0.900000
0.700016 0.900000
0.750016 0.900000
0.800016 0.950000
0.850016 0.950000
0.900016 0.950000
0.000016 0.950000
0.050016 0.950000
0.100016 0.950000
0.150016 0.950000
0.200016 0.950000
0.250016 0.950000
0.300016 0.950000
0.350016 0.950000
0.400016 0.950000
0.450016 0.950000
0.500016 0.950000
0.550016 0.950000
0.600016 0.950000
0.650016 0.950000
0.700016 0.950000
0.750016 0.950000
0.500000 0.000000
0.500000 1.000000
1.000016 0.050000
1.000016 0.100000
1.000016 0.150000
1.000016 0.200000
1.000016 0.250000
1.000016 0.300000
1.000016 0.350000
1.000016 0.400000
1.000016 0.450000
1.000016 0.500000
1.000016 0.550000
1.000016 0.600000
1.000016 0.650000
1.000016 0.700000
1.000016 0.750000
1.000016 0.800000
1.000016 0.850000
1.000016 0.900000
0.950016 0.950000
1.000016 0.950000